Les polygones sont rangé dans l'ordre ville, champs puis eau.
LSE :
Polygones d'entrainement :
    5309      878       15 0.856014
    1296     9832        0 0.883537
       2        0     6350 0.999685
0.803542 0.918021 0.997643 0.907483

Autres Polygones :
   11487     1593       20  0.87687
      82    12863        0 0.993666
       0        2   113153 0.999982
0.992912  0.88968 0.999823 0.987809

LDA :
Polygones d'entrainement :
    2026     4176        0 0.326669
     675    10453        0 0.939342
       0        0     6352        1
0.750093  0.71454        1 0.795161

Autres Polygones :
    4413     8687        0  0.33687
       0    12945        0        1
      42        0   113113 0.999629
0.990572 0.598419        1 0.937292

SVM :
Polygones d'entrainement :
    6202        0        0        1
      25    11103        0 0.997753
       0        0     6352        1
0.995985        1        1 0.998944

Autres Polygones :
   12696      404        0  0.96916
     152    12793        0 0.988258
      88        0   113067 0.999222
0.981447 0.969387        1 0.995374
